5 7
0 0 0 0 0 0 0
0 2 4 5 3 0 0
0 3 0 2 5 2 0
0 7 6 2 4 0 0
0 0 0 0 0 0 0
3 3
0 0 0
0 1 0
0 0 0
7 7
0 0 0 0 0 0 0
0 9 9 9 9 9 0
0 9 0 1 0 9 0
0 9 0 9 0 9 0
0 9 0 0 0 9 0
0 9 9 9 9 9 0
0 0 0 0 0 0 0


5 7
0 0 0 0 0 0 0
0 3 3 2 3 3 0
0 4 0 4 0 3 0
0 0 0 0 4 3 0
0 0 0 0 0 0 0
0


5 7
0 0 0 0 0 0 0
0 0 0 0 0 0 0
0 0 10 0 0 0 0
0 0 0 0 0 0 0
0 0 0 0 0 0 0
0


5 7
0 0 0 0 0 0 0
0 3 3 1 3 3 0
0 4 0 4 0 3 0
0 0 0 0 4 3 0
0 0 0 0 0 0 0
1


5 7
0 0 0 0 0 0 0
0 3 6 3 6 7 0
0 3 0 0 0 10 0
0 0 0 0 0 0 0
0 0 0 0 0 0 0
2


5 7
0 0 0 0 0 0 0
0 3 6 0 6 7 0
0 3 0 0 0 10 0
0 0 0 0 0 0 0
0 0 0 0 0 0 0
0


5 7
0 0 0 0 0 0 0
0 9 8 9 8 9 0
0 9 8 9 8 9 0
0 9 8 9 8 9 0
0 0 0 0 0 0 0
0


5 7
0 0 0 0 0 0 0
0 9 8 3 8 9 0
0 9 8 0 8 9 0
0 9 8 9 8 9 0
0 0 0 0 0 0 0
5


5 5
0 0 0 0 0
0 1 0 1 0
0 0 0 0 0
0 0 0 0 0
0 0 0 0 0
0

7 7
0 0 0 0 0 0 0
0 1 1 0 1 1 0
0 1 9 1 9 1 0
0 1 1 1 1 1 0
0 1 1 1 1 1 0
0 0 1 1 1 0 0
0 0 0 0 0 0 0
2